ObjectType = Image
NDims = 3
AnatomicalOrientation = RAI
BinaryData = True
BinaryDataByteOrderMSB = False
CenterOfRotation = 0 0 0
CompressedData = False
DimSize = 0 0 640                            
ElementNumberOfChannels = 1
ElementSpacing = 1 1 1
ElementType = MET_OTHER
Offset = 0 0 0
TransformMatrix = 1 0 0 0 1 0 0 0 1
UltrasoundImageOrientation = XX
UltrasoundImageType = XX
Seq_Frame0000_MeasurementToMeasurerTransform = 1 0 0 32.84671973474745 0 1 0 56.80533263960569 0 0 1 -281.5674388270065 0 0 0 1 
Seq_Frame0000_MeasurementToMeasurerTransformStatus = OK
Seq_Frame0000_ParametersToMeasurerTransform = 1 0 0 225.6108551025391 0 1 0 85 0 0 1 32792 0 0 0 1 
Seq_Frame0000_ParametersToMeasurerTransformStatus = OK
Seq_Frame0000_PolarisPointerTipToTrackerTransform = -0.4412777922637105 0.0139626612259549 0.8972619205930643 226.5881841141365 -0.01132175151401788 0.9997127341994363 -0.0211250330684216 37.43385179883477 -0.8972991296092515 -0.01948058446187609 -0.4409929464645703 -113.0875935967946 0 0 0 1 
Seq_Frame0000_PolarisPointerTipToTrackerTransformStatus = OK
Seq_Frame0000_RigidBodyToTrackerTransform = -0.03313566211335017 0.001709474100692695 -0.999449401217795 48.03449822023423 0.01624959903646114 -0.9998654373834679 -0.002248923547100715 75.22491435232878 -0.9993187571678339 -0.01631517159779584 0.03310342502325636 -208.4653483484522 0 0 0 1 
Seq_Frame0000_RigidBodyToTrackerTransformStatus = OK
Seq_Frame0000_Timestamp = 72.26200000000006
Seq_Frame0000_ImageStatus = INVALID
Seq_Frame0001_MeasurementToMeasurerTransform = 1 0 0 32.84673574477489 0 1 0 56.80529575981655 0 0 1 -281.5698951630328 0 0 0 1 
Seq_Frame0001_MeasurementToMeasurerTransformStatus = OK
Seq_Frame0001_ParametersToMeasurerTransform = 1 0 0 225.6133117675781 0 1 0 85 0 0 1 32788 0 0 0 1 
Seq_Frame0001_ParametersToMeasurerTransformStatus = OK
Seq_Frame0001_PolarisPointerTipToTrackerTransform = -0.4412274230177855 0.01357101014685314 0.8972926996586332 226.5889160068682 -0.01149332399747372 0.9997181788789751 -0.02077176743549202 37.4393941695925 -0.8973217174907634 -0.01947794913483144 -0.440947099794213 -113.074248534193 0 0 0 1 
Seq_Frame0001_PolarisPointerTipToTrackerTransformStatus = OK
Seq_Frame0001_RigidBodyToTrackerTransform = -0.03305901419982393 0.001578728277954784 -0.9994521545312511 48.03453552158526 0.01640179451857253 -0.9998632299812438 -0.002121901987539683 75.21446365947531 -0.9993188093480009 -0.01646295685770289 0.03302859874101627 -208.4632849234933 0 0 0 1 
Seq_Frame0001_RigidBodyToTrackerTransformStatus = OK
Seq_Frame0001_Timestamp = 72.28200000000008
Seq_Frame0001_ImageStatus = INVALID
Seq_Frame0002_MeasurementToMeasurerTransform = 1 0 0 32.84668801301606 0 1 0 56.80540571198291 0 0 1 -281.5625719251903 0 0 0 1 
Seq_Frame0002_MeasurementToMeasurerTransformStatus = OK
Seq_Frame0002_ParametersToMeasurerTransform = 1 0 0 225.6059875488281 0 1 0 85 0 0 1 32869 0 0 0 1 
Seq_Frame0002_ParametersToMeasurerTransformStatus = OK
Seq_Frame0002_PolarisPointerTipToTrackerTransform = -0.4409982864138997 0.01299557361736574 0.8974138546102126 226.6024220784505 -0.01178682479114033 0.9997250748825726 -0.02026932195159549 37.46088197496171 -0.8974305444664491 -0.01951639611685771 -0.4407238683589339 -113.0194085439053 0 0 0 1 
Seq_Frame0002_PolarisPointerTipToTrackerTransformStatus = OK
Seq_Frame0002_RigidBodyToTrackerTransform = -0.0330954724953284 0.001518519513080764 -0.9994510412215295 48.03314643436012 0.01642133225246263 -0.9998630327328539 -0.002062915731210869 75.216945860121 -0.9993172817215588 -0.01648059078881094 0.03306600338544974 -208.4651052686903 0 0 0 1 
Seq_Frame0002_RigidBodyToTrackerTransformStatus = OK
Seq_Frame0002_Timestamp = 72.30200000000009
Seq_Frame0002_ImageStatus = INVALID
Seq_Frame0003_MeasurementToMeasurerTransform = 1 0 0 32.84674280509755 0 1 0 56.80527949605861 0 0 1 -281.5709783919637 0 0 0 1 
Seq_Frame0003_MeasurementToMeasurerTransformStatus = OK
Seq_Frame0003_ParametersToMeasurerTransform = 1 0 0 225.6143951416016 0 1 0 85 0 0 1 32815 0 0 0 1 
Seq_Frame0003_ParametersToMeasurerTransformStatus = OK
Seq_Frame0003_PolarisPointerTipToTrackerTransform = -0.4411261673161488 0.01326103971956793 0.8973471175272818 226.5975635930111 -0.01160626351587144 0.9997229046253821 -0.02047946812272222 37.45233490592544 -0.8973700458317993 -0.01944887639287899 -0.4408500221740828 -113.0572328065576 0 0 0 1 
Seq_Frame0003_PolarisPointerTipToTrackerTransformStatus = OK
Seq_Frame0003_RigidBodyToTrackerTransform = -0.03303800493281295 0.002489427097288653 -0.9994509957885814 48.02659393611702 0.01575594837922505 -0.9998713327884801 -0.00301130510910651 75.23192491029451 -0.9993298956404392 -0.01584678581025882 0.03299453074000536 -208.4690774616443 0 0 0 1 
Seq_Frame0003_RigidBodyToTrackerTransformStatus = OK
Seq_Frame0003_Timestamp = 72.32200000000009
Seq_Frame0003_ImageStatus = INVALID
Seq_Frame0004_MeasurementToMeasurerTransform = 1 0 0 32.84672500512916 0 1 0 56.80532049905398 0 0 1 -281.5682474345183 0 0 0 1 
Seq_Frame0004_MeasurementToMeasurerTransformStatus = OK
Seq_Frame0004_ParametersToMeasurerTransform = 1 0 0 225.6116638183594 0 1 0 85 0 0 1 32850 0 0 0 1 
Seq_Frame0004_ParametersToMeasurerTransformStatus = OK
Seq_Frame0004_PolarisPointerTipToTrackerTransform = -0.441143373743351 0.0131292851713056 0.897340596247169 226.599632732371 -0.01157144210143479 0.9997266438082728 -0.02031598847066135 37.43679366392229 -0.897362037045265 -0.01934578844961965 -0.4408708597075058 -113.0681434774146 0 0 0 1 
Seq_Frame0004_PolarisPointerTipToTrackerTransformStatus = OK
Seq_Frame0004_RigidBodyToTrackerTransform = -0.03329981795813519 0.001408655144744224 -0.999444414569734 48.03639869893939 0.01633144198362294 -0.9998647249973633 -0.001953383905601962 75.21881363608621 -0.9993119663682061 -0.0163874158008605 0.03327230795540181 -208.4645801075002 0 0 0 1 
Seq_Frame0004_RigidBodyToTrackerTransformStatus = OK
Seq_Frame0004_Timestamp = 72.34200000000007
Seq_Frame0004_ImageStatus = INVALID
Seq_Frame0005_MeasurementToMeasurerTransform = 1 0 0 32.8467029291907 0 1 0 56.80537135193093 0 0 1 -281.5648604370161 0 0 0 1 
Seq_Frame0005_MeasurementToMeasurerTransformStatus = OK
Seq_Frame0005_ParametersToMeasurerTransform = 1 0 0 225.6082763671875 0 1 0 85 0 0 1 32831 0 0 0 1 
Seq_Frame0005_ParametersToMeasurerTransformStatus = OK
Seq_Frame0005_PolarisPointerTipToTrackerTransform = -0.4411551292495549 0.01328446535057035 0.8973325330763161 226.588629639667 -0.0117663517593074 0.9997188675299735 -0.02058491852943371 37.4877359659777 -0.897353723401806 -0.01963947262369016 -0.440874796526155 -113.0552065994429 0 0 0 1 
Seq_Frame0005_PolarisPointerTipToTrackerTransformStatus = OK
Seq_Frame0005_RigidBodyToTrackerTransform = -0.03308352738078979 0.001200237992868381 -0.9994518695989341 48.03270302648132 0.01649845411896845 -0.999862365278861 -0.001746857362659327 75.20725748849951 -0.9993164069641449 -0.01654720301808313 0.03305917186726737 -208.4579390857531 0 0 0 1 
Seq_Frame0005_RigidBodyToTrackerTransformStatus = OK
Seq_Frame0005_Timestamp = 72.36200000000007
Seq_Frame0005_ImageStatus = INVALID
Seq_Frame0006_MeasurementToMeasurerTransform = 1 0 0 32.84673395483394 0 1 0 56.80529988302279 0 0 1 -281.5696205416137 0 0 0 1 
Seq_Frame0006_MeasurementToMeasurerTransformStatus = OK
Seq_Frame0006_ParametersToMeasurerTransform = 1 0 0 225.613037109375 0 1 0 85 0 0 1 32843 0 0 0 1 
Seq_Frame0006_ParametersToMeasurerTransformStatus = OK
Seq_Frame0006_PolarisPointerTipToTrackerTransform = -0.4410261925344426 0.01318155616345805 0.8973974281641788 226.6044595412787 -0.01164733703560613 0.9997238745340005 -0.02040868018038037 37.45277221426779 -0.89741865204516 -0.01945305281532063 -0.4407508839442215 -113.0261637018529 0 0 0 1 
Seq_Frame0006_PolarisPointerTipToTrackerTransformStatus = OK
Seq_Frame0006_RigidBodyToTrackerTransform = -0.03304472437455175 0.002110151398989283 -0.9994516463801956 48.03133678436279 0.01605868570971613 -0.9998675605192285 -0.00264197551156397 75.21378588808173 -0.9993248544914145 -0.01613718322386184 0.03300646169029686 -208.4619939603858 0 0 0 1 
Seq_Frame0006_RigidBodyToTrackerTransformStatus = OK
Seq_Frame0006_Timestamp = 72.38200000000006
Seq_Frame0006_ImageStatus = INVALID
Seq_Frame0007_MeasurementToMeasurerTransform = 1 0 0 32.84669905098529 0 1 0 56.80538028554445 0 0 1 -281.5642654239414 0 0 0 1 
Seq_Frame0007_MeasurementToMeasurerTransformStatus = OK
Seq_Frame0007_ParametersToMeasurerTransform = 1 0 0 225.6076812744141 0 1 0 85 0 0 1 32810 0 0 0 1 
Seq_Frame0007_ParametersToMeasurerTransformStatus = OK
Seq_Frame0007_PolarisPointerTipToTrackerTransform = -0.4411313638994944 0.01320216688463446 0.8973454310206979 226.5924932963337 -0.01170071108418359 0.9997221940297838 -0.02046040381810387 37.46290783364124 -0.8973662647683476 -0.01952530547329997 -0.4408543402325512 -113.0538504874142 0 0 0 1 
Seq_Frame0007_PolarisPointerTipToTrackerTransformStatus = OK
Seq_Frame0007_RigidBodyToTrackerTransform = -0.03304199323359813 0.001660420436975089 -0.9994525850119771 48.03108164859017 0.01619073539208705 -0.9998665091016277 -0.002196375283981373 75.22040411223939 -0.9993228140949322 -0.01625444495813806 0.03301069900030262 -208.4657773838734 0 0 0 1 
Seq_Frame0007_RigidBodyToTrackerTransformStatus = OK
Seq_Frame0007_Timestamp = 72.40200000000006
Seq_Frame0007_ImageStatus = INVALID
Seq_Frame0008_MeasurementToMeasurerTransform = 1 0 0 32.84668135045806 0 1 0 56.80542105947281 0 0 1 -281.5615497232415 0 0 0 1 
Seq_Frame0008_MeasurementToMeasurerTransformStatus = OK
Seq_Frame0008_ParametersToMeasurerTransform = 1 0 0 225.6049652099609 0 1 0 85 0 0 1 32797 0 0 0 1 
Seq_Frame0008_ParametersToMeasurerTransformStatus = OK
Seq_Frame0008_PolarisPointerTipToTrackerTransform = -0.4411014609853732 0.01319899838404381 0.8973601771631208 226.5949500626951 -0.01167190307409867 0.9997229073173658 -0.0204419975428702 37.45375803982567 -0.8973813391168765 -0.01949089599202341 -0.4408251775684211 -113.0477590587928 0 0 0 1 
Seq_Frame0008_PolarisPointerTipToTrackerTransformStatus = OK
Seq_Frame0008_RigidBodyToTrackerTransform = -0.03294591762977861 0.002547020261344961 -0.9994538904818572 48.03205087029563 0.01603877436812999 -0.9998666366995246 -0.003076772976539197 75.21523334622044 -0.9993284366154603 -0.0161313825498388 0.0329006727701836 -208.4607927360211 0 0 0 1 
Seq_Frame0008_RigidBodyToTrackerTransformStatus = OK
Seq_Frame0008_Timestamp = 72.42200000000005
Seq_Frame0008_ImageStatus = INVALID
Seq_Frame0009_MeasurementToMeasurerTransform = 1 0 0 32.84672500512916 0 1 0 56.80532049905398 0 0 1 -281.5682474345183 0 0 0 1 
Seq_Frame0009_MeasurementToMeasurerTransformStatus = OK
Seq_Frame0009_ParametersToMeasurerTransform = 1 0 0 225.6116638183594 0 1 0 86 0 0 1 32765 0 0 0 1 
Seq_Frame0009_ParametersToMeasurerTransformStatus = OK
Seq_Frame0009_PolarisPointerTipToTrackerTransform = -0.4411443128391816 0.01335838769187902 0.897336753247029 226.5940911460679 -0.01157846599940911 0.9997212714800751 -0.02057470474544097 37.4479186473044 -0.897361484784558 -0.01946619707428749 -0.4408666837000934 -113.0517543935638 0 0 0 1 
Seq_Frame0009_PolarisPointerTipToTrackerTransformStatus = OK
Seq_Frame0009_RigidBodyToTrackerTransform = -0.03301411829670098 0.001753785093101497 -0.9994533467005545 48.03274142570385 0.01625583065989919 -0.9998652394796145 -0.002291473309972242 75.21923000324699 -0.9993226785991841 -0.01632259532736289 0.03298116006345153 -208.4621500020755 0 0 0 1 
Seq_Frame0009_RigidBodyToTrackerTransformStatus = OK
Seq_Frame0009_Timestamp = 72.44200000000006
Seq_Frame0009_ImageStatus = INVALID
Seq_Frame0010_MeasurementToMeasurerTransform = 1 0 0 32.84668940519236 0 1 0 56.80540250504473 0 0 1 -281.5627855196274 0 0 0 1 
Seq_Frame0010_MeasurementToMeasurerTransformStatus = OK
Seq_Frame0010_ParametersToMeasurerTransform = 1 0 0 225.606201171875 0 1 0 85 0 0 1 32800 0 0 0 1 
Seq_Frame0010_ParametersToMeasurerTransformStatus = OK
Seq_Frame0010_PolarisPointerTipToTrackerTransform = -0.4411791551038183 0.01380524582664391 0.8973128597593746 226.5846459173387 -0.01162430772448973 0.9997098766687078 -0.02109592285166709 37.48306461792888 -0.897343762764197 -0.01973772222681869 -0.4408906823119418 -113.052220766845 0 0 0 1 
Seq_Frame0010_PolarisPointerTipToTrackerTransformStatus = OK
Seq_Frame0010_RigidBodyToTrackerTransform = -0.0332197238502876 0.0009701124143455921 -0.9994476018427452 48.03599685937429 0.01663023974874844 -0.9998605476628825 -0.001523270553766545 75.21783965214256 -0.9993097042825162 -0.01667165586210192 0.03319895808012463 -208.4654261345738 0 0 0 1 
Seq_Frame0010_RigidBodyToTrackerTransformStatus = OK
Seq_Frame0010_Timestamp = 72.46200000000005
Seq_Frame0010_ImageStatus = INVALID
Seq_Frame0011_MeasurementToMeasurerTransform = 1 0 0 32.84674439615618 0 1 0 56.8052758309864 0 0 1 -281.5712224998918 0 0 0 1 
Seq_Frame0011_MeasurementToMeasurerTransformStatus = OK
Seq_Frame0011_ParametersToMeasurerTransform = 1 0 0 225.6146392822266 0 1 0 85 0 0 1 32776 0 0 0 1 
Seq_Frame0011_ParametersToMeasurerTransformStatus = OK
Seq_Frame0011_PolarisPointerTipToTrackerTransform = -0.4410976691169789 0.01327155405173709 0.8973609709323334 226.5940194279177 -0.01168512822893826 0.9997209652278254 -0.02052923433103341 37.46710567787054 -0.897383030861316 -0.01954117542516396 -0.4408195077184782 -113.0451256059854 0 0 0 1 
Seq_Frame0011_PolarisPointerTipToTrackerTransformStatus = OK
Seq_Frame0011_RigidBodyToTrackerTransform = -0.03295884819748118 0.002005903512209619 -0.9994546966604315 48.03054760678516 0.01616608255863717 -0.9998660945402087 -0.002539835352475249 75.22434857705309 -0.9993259588843885 -0.01624097718765903 0.03292200722597605 -208.4637680167413 0 0 0 1 
Seq_Frame0011_RigidBodyToTrackerTransformStatus = OK
Seq_Frame0011_Timestamp = 72.48200000000004
Seq_Frame0011_ImageStatus = INVALID
Seq_Frame0012_MeasurementToMeasurerTransform = 1 0 0 32.84676955477073 0 1 0 56.80521787703204 0 0 1 -281.5750824565046 0 0 0 1 
Seq_Frame0012_MeasurementToMeasurerTransformStatus = OK
Seq_Frame0012_ParametersToMeasurerTransform = 1 0 0 225.6184997558594 0 1 0 85 0 0 1 32878 0 0 0 1 
Seq_Frame0012_ParametersToMeasurerTransformStatus = OK
Seq_Frame0012_PolarisPointerTipToTrackerTransform = -0.4411568599105533 0.01313946587936924 0.8973338171440244 226.5911209106445 -0.01167294334729599 0.9997242114294259 -0.02037752378045982 37.45636558532728 -0.8973540925116857 -0.01946421121487534 -0.440881817649936 -113.0637763977048 0 0 0 1 
Seq_Frame0012_PolarisPointerTipToTrackerTransformStatus = OK
Seq_Frame0012_RigidBodyToTrackerTransform = -0.03303287886920969 0.001861034889504851 -0.9994525328712475 48.03243751525879 0.01617909002846998 -0.9998662378750226 -0.002396539901466657 75.21904067993158 -0.9993233040210073 -0.01624939712077664 0.03299835047011457 -208.4635299682617 0 0 0 1 
Seq_Frame0012_RigidBodyToTrackerTransformStatus = OK
Seq_Frame0012_Timestamp = 72.50200000000005
Seq_Frame0012_ImageStatus = INVALID
Seq_Frame0013_MeasurementToMeasurerTransform = 1 0 0 32.846710983925 0 1 0 56.80535279750286 0 0 1 -281.5660962334021 0 0 0 1 
Seq_Frame0013_MeasurementToMeasurerTransformStatus = OK
Seq_Frame0013_ParametersToMeasurerTransform = 1 0 0 225.6095123291016 0 1 0 85 0 0 1 32838 0 0 0 1 
Seq_Frame0013_ParametersToMeasurerTransformStatus = OK
Seq_Frame0013_PolarisPointerTipToTrackerTransform = -0.4411134480246318 0.013583159359509 0.8973485519872614 226.5918685913087 -0.01170231770835876 0.9997133907380305 -0.02088521341338236 37.48072853088375 -0.8973750507630983 -0.019713806351998 -0.4408280663785404 -113.0378013610836 0 0 0 1 
Seq_Frame0013_PolarisPointerTipToTrackerTransformStatus = OK
Seq_Frame0013_RigidBodyToTrackerTransform = -0.03290477458011476 0.002016760684699765 -0.9994564565233307 48.03203926086428 0.01628198903754963 -0.9998641786798053 -0.002553629953500575 75.21598663330076 -0.999325859088422 -0.01635716568660203 0.03286746853483102 -208.4655395507812 0 0 0 1 
Seq_Frame0013_RigidBodyToTrackerTransformStatus = OK
Seq_Frame0013_Timestamp = 72.52200000000009
Seq_Frame0013_ImageStatus = INVALID
Seq_Frame0014_MeasurementToMeasurerTransform = 1 0 0 32.84672560177614 0 1 0 56.8053191246519 0 0 1 -281.5683389749913 0 0 0 1 
Seq_Frame0014_MeasurementToMeasurerTransformStatus = OK
Seq_Frame0014_ParametersToMeasurerTransform = 1 0 0 225.6117553710938 0 1 0 85 0 0 1 32857 0 0 0 1 
Seq_Frame0014_ParametersToMeasurerTransformStatus = OK
Seq_Frame0014_PolarisPointerTipToTrackerTransform = -0.4410501422831025 0.01355587584362558 0.8973800812488357 226.5986602783203 -0.01163765459176334 0.9997154743873659 -0.02082150969662995 37.47281303405759 -0.8974070074317772 -0.01962672923735011 -0.4407668936204101 -113.0225708007813 0 0 0 1 
Seq_Frame0014_PolarisPointerTipToTrackerTransformStatus = OK
Seq_Frame0014_RigidBodyToTrackerTransform = -0.03309534899744038 0.0007702832631879723 -0.999451902063542 48.03227157592774 0.0167288424114357 -0.9998591857882188 -0.001324547656124129 75.20703353881841 -0.9993121853086304 -0.01676350973437384 0.0330778027546359 -208.4618789672852 0 0 0 1 
Seq_Frame0014_RigidBodyToTrackerTransformStatus = OK
Seq_Frame0014_Timestamp = 72.54200000000009
Seq_Frame0014_ImageStatus = INVALID
Seq_Frame0015_MeasurementToMeasurerTransform = 1 0 0 32.8466809526934 0 1 0 56.80542197574086 0 0 1 -281.5614886962594 0 0 0 1 
Seq_Frame0015_MeasurementToMeasurerTransformStatus = OK
Seq_Frame0015_ParametersToMeasurerTransform = 1 0 0 225.6049041748047 0 1 0 85 0 0 1 32867 0 0 0 1 
Seq_Frame0015_ParametersToMeasurerTransformStatus = OK
Seq_Frame0015_PolarisPointerTipToTrackerTransform = -0.440991688625193 0.01325680108625455 0.8974132759149823 226.6043029785156 -0.01164064467909996 0.9997223222102427 -0.02048838368476922 37.44768905639647 -0.8974356946071154 -0.01948167599358063 -0.4407149173167677 -113.0077178955079 0 0 0 1 
Seq_Frame0015_PolarisPointerTipToTrackerTransformStatus = OK
Seq_Frame0015_RigidBodyToTrackerTransform = -0.03300886864824659 0.001920725206829509 -0.999453213214727 48.03086433410645 0.0161331842820992 -0.9998668394005864 -0.002454349608687899 75.22059173583983 -0.9993248395569294 -0.01620537817397943 0.03297348575379433 -208.4640243530274 0 0 0 1 
Seq_Frame0015_RigidBodyToTrackerTransformStatus = OK
Seq_Frame0015_Timestamp = 72.56200000000011
Seq_Frame0015_ImageStatus = INVALID
Seq_Frame0016_MeasurementToMeasurerTransform = 1 0 0 32.84668144989922 0 1 0 56.80542083040579 0 0 1 -281.561564979987 0 0 0 1 
Seq_Frame0016_MeasurementToMeasurerTransformStatus = OK
Seq_Frame0016_ParametersToMeasurerTransform = 1 0 0 225.60498046875 0 1 0 85 0 0 1 32848 0 0 0 1 
Seq_Frame0016_ParametersToMeasurerTransformStatus = OK
Seq_Frame0016_PolarisPointerTipToTrackerTransform = -0.441118986012335 0.01324038153169683 0.8973509527917962 226.5917933781942 -0.01166539502948533 0.9997220963186453 -0.02048532867834559 37.45755334695178 -0.8973728092260517 -0.01950442075912256 -0.4408419431412983 -113.0524787108104 0 0 0 1 
Seq_Frame0016_PolarisPointerTipToTrackerTransformStatus = OK
Seq_Frame0016_RigidBodyToTrackerTransform = -0.03304929692861502 0.001889755633298628 -0.9994519362111272 48.03295425573985 0.01609468239524707 -0.9998675369646964 -0.002422751070114714 75.21901917457581 -0.9993241241814993 -0.01616593170213316 0.03301450410170659 -208.4634359677633 0 0 0 1 
Seq_Frame0016_RigidBodyToTrackerTransformStatus = OK
Seq_Frame0016_Timestamp = 72.58200000000011
Seq_Frame0016_ImageStatus = INVALID
Seq_Frame0017_MeasurementToMeasurerTransform = 1 0 0 32.84665897619611 0 1 0 56.80547259955079 0 0 1 -281.5581169555028 0 0 0 1 
Seq_Frame0017_MeasurementToMeasurerTransformStatus = OK
Seq_Frame0017_ParametersToMeasurerTransform = 1 0 0 225.6015319824219 0 1 0 85 0 0 1 32796 0 0 0 1 
Seq_Frame0017_ParametersToMeasurerTransformStatus = OK
Seq_Frame0017_PolarisPointerTipToTrackerTransform = -0.4411047365803283 0.01328571905258866 0.8973572872806321 226.591529953881 -0.01169814657933486 0.9997203538268109 -0.02055158171539501 37.46817057606445 -0.8973793872900177 -0.01956281711952155 -0.440825965039879 -113.0477393333609 0 0 0 1 
Seq_Frame0017_PolarisPointerTipToTrackerTransformStatus = OK
Seq_Frame0017_RigidBodyToTrackerTransform = -0.03302577295143938 0.001918186127566995 -0.9994526596507412 48.03211822261252 0.01609261345308856 -0.9998675020443086 -0.002450744361198044 75.21924645737639 -0.9993249352003629 -0.0161647430432556 0.03299052847615636 -208.4633202568328 0 0 0 1 
Seq_Frame0017_RigidBodyToTrackerTransformStatus = OK
Seq_Frame0017_Timestamp = 72.6020000000001
Seq_Frame0017_ImageStatus = INVALID
Seq_Frame0018_MeasurementToMeasurerTransform = 1 0 0 32.84670392360234 0 1 0 56.80536906126079 0 0 1 -281.5650130044712 0 0 0 1 
Seq_Frame0018_MeasurementToMeasurerTransformStatus = OK
Seq_Frame0018_ParametersToMeasurerTransform = 1 0 0 225.6084289550781 0 1 0 85 0 0 1 32803 0 0 0 1 
Seq_Frame0018_ParametersToMeasurerTransformStatus = OK
Seq_Frame0018_PolarisPointerTipToTrackerTransform = -0.4411430165860907 0.01296234909244323 0.8973431987948255 226.5951912866184 -0.01167981445848839 0.9997280724128331 -0.02018323967890796 37.45009809911069 -0.8973608086224513 -0.01938449730394356 -0.440871659797649 -113.0680377888228 0 0 0 1 
Seq_Frame0018_PolarisPointerTipToTrackerTransformStatus = OK
Seq_Frame0018_RigidBodyToTrackerTransform = -0.03309690797466502 0.001482441685929347 -0.9994510478503509 48.03254956701618 0.01632264912148163 -0.9998647289732268 -0.002023581219657307 75.22609935934082 -0.9993188509220535 -0.01638066304956469 0.03306823354645794 -208.4644053604177 0 0 0 1 
Seq_Frame0018_RigidBodyToTrackerTransformStatus = OK
Seq_Frame0018_Timestamp = 72.62200000000009
Seq_Frame0018_ImageStatus = INVALID
Seq_Frame0019_MeasurementToMeasurerTransform = 1 0 0 32.84670074148508 0 1 0 56.80537639140522 0 0 1 -281.564524788615 0 0 0 1 
Seq_Frame0019_MeasurementToMeasurerTransformStatus = OK
Seq_Frame0019_ParametersToMeasurerTransform = 1 0 0 225.6079406738281 0 1 0 85 0 0 1 32782 0 0 0 1 
Seq_Frame0019_ParametersToMeasurerTransformStatus = OK
Seq_Frame0019_PolarisPointerTipToTrackerTransform = -0.4411472396569596 0.01307606530663506 0.8973394728078896 226.5899858507503 -0.01170479787401075 0.9997249629514166 -0.02032230691917043 37.45896182764852 -0.8973584070201679 -0.01946830675444128 -0.4408728551207722 -113.0622023749598 0 0 0 1 
Seq_Frame0019_PolarisPointerTipToTrackerTransformStatus = OK
Seq_Frame0019_RigidBodyToTrackerTransform = -0.03298638564246714 0.001901590636330735 -0.9994539920953331 48.03140897193724 0.0162772728688543 -0.999864540211114 -0.002439593484651081 75.21996339708397 -0.9993232453766897 -0.01634885872069703 0.03295096460395963 -208.4631790737926 0 0 0 1 
Seq_Frame0019_RigidBodyToTrackerTransformStatus = OK
Seq_Frame0019_Timestamp = 72.64200000000007
Seq_Frame0019_ImageStatus = INVALID
Seq_Frame0020_MeasurementToMeasurerTransform = 1 0 0 32.84674250677406 0 1 0 56.80528018325965 0 0 1 -281.5709326217272 0 0 0 1 
Seq_Frame0020_MeasurementToMeasurerTransformStatus = OK
Seq_Frame0020_ParametersToMeasurerTransform = 1 0 0 225.6143493652344 0 1 0 85 0 0 1 32784 0 0 0 1 
Seq_Frame0020_ParametersToMeasurerTransformStatus = OK
Seq_Frame0020_PolarisPointerTipToTrackerTransform = -0.441167317486647 0.01343685193787752 0.8973242719282898 226.590053131434 -0.01158926975215272 0.9997192221558354 -0.02066798680915042 37.45714213787855 -0.8973500358323098 -0.01951737334097329 -0.4408877241765994 -113.0611370651301 0 0 0 1 
Seq_Frame0020_PolarisPointerTipToTrackerTransformStatus = OK
Seq_Frame0020_RigidBodyToTrackerTransform = -0.03320811620328801 0.001480177962208656 -0.9994473623415238 48.03621312771463 0.01631068247184199 -0.9998649259517093 -0.002022742911365207 75.22819838541085 -0.9993153569597194 -0.0163688400561226 0.03317948793585301 -208.4708436490827 0 0 0 1 
Seq_Frame0020_RigidBodyToTrackerTransformStatus = OK
Seq_Frame0020_Timestamp = 72.66200000000006
Seq_Frame0020_ImageStatus = INVALID
Seq_Frame0021_MeasurementToMeasurerTransform = 1 0 0 32.84675066094953 0 1 0 56.80526139976456 0 0 1 -281.5721836748586 0 0 0 1 
Seq_Frame0021_MeasurementToMeasurerTransformStatus = OK
Seq_Frame0021_ParametersToMeasurerTransform = 1 0 0 225.6156005859375 0 1 0 85 0 0 1 32772 0 0 0 1 
Seq_Frame0021_ParametersToMeasurerTransformStatus = OK
Seq_Frame0021_PolarisPointerTipToTrackerTransform = -0.4411160798574852 0.01339698766778818 0.8973500570081856 226.5919799804688 -0.01168481225725818 0.9997180835092762 -0.02066926866274422 37.47800064086914 -0.8973739851665399 -0.01960291371121146 -0.440835180674539 -113.0458526611328 0 0 0 1 
Seq_Frame0021_PolarisPointerTipToTrackerTransformStatus = OK
Seq_Frame0021_RigidBodyToTrackerTransform = -0.03307926027556996 0.001366288542692304 -0.999451797634703 48.03657531738281 0.01650010395662438 -0.9998620340594981 -0.001912959963940605 75.21507263183594 -0.9993165209827375 -0.01655433786115165 0.03305215256132599 -208.4657440185547 0 0 0 1 
Seq_Frame0021_RigidBodyToTrackerTransformStatus = OK
Seq_Frame0021_Timestamp = 72.68200000000006
Seq_Frame0021_ImageStatus = INVALID
Seq_Frame0022_MeasurementToMeasurerTransform = 1 0 0 32.84672520401148 0 1 0 56.80532004091995 0 0 1 -281.5682779480093 0 0 0 1 
Seq_Frame0022_MeasurementToMeasurerTransformStatus = OK
Seq_Frame0022_ParametersToMeasurerTransform = 1 0 0 225.6116943359375 0 1 0 85 0 0 1 32876 0 0 0 1 
Seq_Frame0022_ParametersToMeasurerTransformStatus = OK
Seq_Frame0022_PolarisPointerTipToTrackerTransform = -0.4411306876266338 0.01332810390246093 0.8973439017903997 226.5915789604187 -0.01166438158689614 0.9997201051841224 -0.02058284462466238 37.46791257460912 -0.8973670701759947 -0.01954668608774696 -0.4408517533442944 -113.0534698565801 0 0 0 1 
Seq_Frame0022_PolarisPointerTipToTrackerTransformStatus = OK
Seq_Frame0022_RigidBodyToTrackerTransform = -0.03310523321781222 0.001406802455135404 -0.9994508814546348 48.03211532036463 0.01644039104103877 -0.999862942335199 -0.001951944470590009 75.21976220607758 -0.9993166450510128 -0.01649598289435218 0.03307756750937485 -208.4673842589061 0 0 0 1 
Seq_Frame0022_RigidBodyToTrackerTransformStatus = OK
Seq_Frame0022_Timestamp = 72.70200000000007
Seq_Frame0022_ImageStatus = INVALID
Seq_Frame0023_MeasurementToMeasurerTransform = 1 0 0 32.84669905098529 0 1 0 56.80538028554445 0 0 1 -281.5642654239414 0 0 0 1 
Seq_Frame0023_MeasurementToMeasurerTransformStatus = OK
Seq_Frame0023_ParametersToMeasurerTransform = 1 0 0 225.6076812744141 0 1 0 85 0 0 1 32850 0 0 0 1 
Seq_Frame0023_ParametersToMeasurerTransformStatus = OK
Seq_Frame0023_PolarisPointerTipToTrackerTransform = -0.4410872541697291 0.01315848968997332 0.8973677553590208 226.5976937033914 -0.01166178979819331 0.9997240554631224 -0.0203915567593561 37.45774147727265 -0.89738845371874 -0.01945936991390402 -0.4408120870108286 -113.0473996942693 0 0 0 1 
Seq_Frame0023_PolarisPointerTipToTrackerTransformStatus = OK
Seq_Frame0023_RigidBodyToTrackerTransform = -0.03309043145208868 0.00205748726532183 -0.9994502439303657 48.0283594998446 0.01602949288415814 -0.9998681673674544 -0.002589062209518535 75.22728000987665 -0.9993238107361353 -0.01610635375872119 0.03305308857591949 -208.4696419455789 0 0 0 1 
Seq_Frame0023_RigidBodyToTrackerTransformStatus = OK
Seq_Frame0023_Timestamp = 72.72200000000005
Seq_Frame0023_ImageStatus = INVALID
Seq_Frame0024_MeasurementToMeasurerTransform = 1 0 0 32.84673773359818 0 1 0 56.80529117847628 0 0 1 -281.570200297943 0 0 0 1 
Seq_Frame0024_MeasurementToMeasurerTransformStatus = OK
Seq_Frame0024_ParametersToMeasurerTransform = 1 0 0 225.6136169433594 0 1 0 86 0 0 1 32830 0 0 0 1 
Seq_Frame0024_ParametersToMeasurerTransformStatus = OK
Seq_Frame0024_PolarisPointerTipToTrackerTransform = -0.4411087372484749 0.01321935664327966 0.897356300770766 226.5940624931131 -0.01165580448589499 0.9997227893703036 -0.02045694589732208 37.45458860626008 -0.8973779717292164 -0.01948314716869815 -0.4408323749811943 -113.0476718466777 0 0 0 1 
Seq_Frame0024_PolarisPointerTipToTrackerTransformStatus = OK
Seq_Frame0024_RigidBodyToTrackerTransform = -0.03301858910918576 0.002259176703547416 -0.9994521843959625 48.0270899246711 0.01587875092216575 -0.9998700469064644 -0.002784702572333773 75.23246708104566 -0.9993285936279371 -0.01596199924466515 0.03297842533722217 -208.470627605831 0 0 0 1 
Seq_Frame0024_RigidBodyToTrackerTransformStatus = OK
Seq_Frame0024_Timestamp = 72.74200000000003
Seq_Frame0024_ImageStatus = INVALID
Seq_Frame0025_MeasurementToMeasurerTransform = 1 0 0 32.84665380525556 0 1 0 56.80548451103548 0 0 1 -281.5573236047365 0 0 0 1 
Seq_Frame0025_MeasurementToMeasurerTransformStatus = OK
Seq_Frame0025_ParametersToMeasurerTransform = 1 0 0 225.6007385253906 0 1 0 85 0 0 1 32860 0 0 0 1 
Seq_Frame0025_ParametersToMeasurerTransformStatus = OK
Seq_Frame0025_PolarisPointerTipToTrackerTransform = -0.4410999854350016 0.01328076065689707 0.8973596961339504 226.5968130057199 -0.01162971200086608 0.9997219585046667 -0.02051232513321226 37.45458851405554 -0.8973826121827959 -0.01948402114472049 -0.4408228899138676 -113.0470760236468 0 0 0 1 
Seq_Frame0025_PolarisPointerTipToTrackerTransformStatus = OK
Seq_Frame0025_RigidBodyToTrackerTransform = -0.03302744044835715 0.002418362088012692 -0.999451519435656 48.02814688546319 0.01585789088035576 -0.9998699233646979 -0.002943407464083833 75.23009146554125 -0.9993286323698811 -0.01594640635015167 0.03298479422793021 -208.4694104875837 0 0 0 1 
Seq_Frame0025_RigidBodyToTrackerTransformStatus = OK
Seq_Frame0025_Timestamp = 72.76200000000006
Seq_Frame0025_ImageStatus = INVALID
Seq_Frame0026_MeasurementToMeasurerTransform = 1 0 0 32.84669437725057 0 1 0 56.80539105169407 0 0 1 -281.5635483569026 0 0 0 1 
Seq_Frame0026_MeasurementToMeasurerTransformStatus = OK
Seq_Frame0026_ParametersToMeasurerTransform = 1 0 0 225.6069641113281 0 1 0 85 0 0 1 32839 0 0 0 1 
Seq_Frame0026_ParametersToMeasurerTransformStatus = OK
Seq_Frame0026_PolarisPointerTipToTrackerTransform = -0.441132532533102 0.01342077442133396 0.8973416136315441 226.5933774312337 -0.01161289676571769 0.9997190957169521 -0.02066083946958946 37.45831952271639 -0.8973668309947946 -0.01953490396216552 -0.4408527624474508 -113.0476943122016 0 0 0 1 
Seq_Frame0026_PolarisPointerTipToTrackerTransformStatus = OK
Seq_Frame0026_RigidBodyToTrackerTransform = -0.03302363796242169 0.001582364038488447 -0.9994533182994474 48.03410657246907 0.01650240362685301 -0.9998615609712378 -0.002128277870996526 75.21475693031596 -0.9993183226631359 -0.01656366554267031 0.03299295339200825 -208.4643040409795 0 0 0 1 
Seq_Frame0026_RigidBodyToTrackerTransformStatus = OK
Seq_Frame0026_Timestamp = 72.78200000000008
Seq_Frame0026_ImageStatus = INVALID
Seq_Frame0027_MeasurementToMeasurerTransform = 1 0 0 32.84669209010379 0 1 0 56.80539632023537 0 0 1 -281.563197451756 0 0 0 1 
Seq_Frame0027_MeasurementToMeasurerTransformStatus = OK
Seq_Frame0027_ParametersToMeasurerTransform = 1 0 0 225.6066131591797 0 1 0 85 0 0 1 32811 0 0 0 1 
Seq_Frame0027_ParametersToMeasurerTransformStatus = OK
Seq_Frame0027_PolarisPointerTipToTrackerTransform = -0.4411128249251393 0.01334271449214461 0.8973524656769737 226.5950149867846 -0.01157303413631985 0.9997217640937623 -0.02055381419919423 37.44161900230064 -0.8973770336750562 -0.01945164176198341 -0.4408356758082545 -113.0492965034817 0 0 0 1 
Seq_Frame0027_PolarisPointerTipToTrackerTransformStatus = OK
Seq_Frame0027_RigidBodyToTrackerTransform = -0.03301303014939849 0.001900510224639581 -0.9994531144086957 48.03392045394234 0.0163006211354788 -0.9998641595340887 -0.00243971920272348 75.21792764249057 -0.9993219849432677 -0.01637224908424607 0.03297756614686598 -208.4653315336808 0 0 0 1 
Seq_Frame0027_RigidBodyToTrackerTransformStatus = OK
Seq_Frame0027_Timestamp = 72.80200000000008
Seq_Frame0027_ImageStatus = INVALID
Seq_Frame0028_MeasurementToMeasurerTransform = 1 0 0 32.84664763990338 0 1 0 56.8054987131903 0 0 1 -281.5563776865151 0 0 0 1 
Seq_Frame0028_MeasurementToMeasurerTransformStatus = OK
Seq_Frame0028_ParametersToMeasurerTransform = 1 0 0 225.5997924804688 0 1 0 85 0 0 1 32771 0 0 0 1 
Seq_Frame0028_ParametersToMeasurerTransformStatus = OK
Seq_Frame0028_PolarisPointerTipToTrackerTransform = -0.4411120766741304 0.01316652645218738 0.8973554359301671 226.5950131449297 -0.01160566203390626 0.9997250760041297 -0.02037353718164878 37.43447860147954 -0.897376980104232 -0.01940141720908885 -0.4408379981232199 -113.0511204889701 0 0 0 1 
Seq_Frame0028_PolarisPointerTipToTrackerTransformStatus = OK
Seq_Frame0028_RigidBodyToTrackerTransform = -0.0330005086700772 0.001951537504037812 -0.9994534295948395 48.0333548845262 0.01617603487740743 -0.9998660677558056 -0.002486452530826809 75.22032952737348 -0.9993244229594118 -0.01624924773377188 0.03296452069916167 -208.4651489468861 0 0 0 1 
Seq_Frame0028_RigidBodyToTrackerTransformStatus = OK
Seq_Frame0028_Timestamp = 72.82200000000009
Seq_Frame0028_ImageStatus = INVALID
Seq_Frame0029_MeasurementToMeasurerTransform = 1 0 0 32.84662228240651 0 1 0 56.80555712527869 0 0 1 -281.5524872164114 0 0 0 1 
Seq_Frame0029_MeasurementToMeasurerTransformStatus = OK
Seq_Frame0029_ParametersToMeasurerTransform = 1 0 0 225.5959014892578 0 1 0 85 0 0 1 32795 0 0 0 1 
Seq_Frame0029_ParametersToMeasurerTransformStatus = OK
Seq_Frame0029_PolarisPointerTipToTrackerTransform = -0.4410863765476653 0.01342283526111448 0.8973642715851821 226.5975736442715 -0.01160054542218854 0.9997193401750861 -0.02065594892030474 37.45318736870624 -0.8973896788853542 -0.01952097265618391 -0.4408068691123104 -113.0367540449819 0 0 0 1 
Seq_Frame0029_PolarisPointerTipToTrackerTransformStatus = OK
Seq_Frame0029_RigidBodyToTrackerTransform = -0.03310062516683743 0.00135818848347198 -0.9994511013239256 48.032990968327 0.01646253048160306 -0.999862670570026 -0.001903967100011408 75.22081537698307 -0.999316433220082 -0.01651651672172434 0.03307372025754229 -208.4662888083286 0 0 0 1 
Seq_Frame0029_RigidBodyToTrackerTransformStatus = OK
Seq_Frame0029_Timestamp = 72.84200000000008
Seq_Frame0029_ImageStatus = INVALID
Seq_Frame0030_MeasurementToMeasurerTransform = 1 0 0 32.84672898277572 0 1 0 56.80531133637345 0 0 1 -281.5688577043385 0 0 0 1 
Seq_Frame0030_MeasurementToMeasurerTransformStatus = OK
Seq_Frame0030_ParametersToMeasurerTransform = 1 0 0 225.6122741699219 0 1 0 85 0 0 1 32792 0 0 0 1 
Seq_Frame0030_ParametersToMeasurerTransformStatus = OK
Seq_Frame0030_PolarisPointerTipToTrackerTransform = -0.4410429550367939 0.01332602387659441 0.8973870563475122 226.5988360906051 -0.01166003878111617 0.9997202912759863 -0.02057626561550972 37.4599173271049 -0.8974102491659182 -0.01953858486937005 -0.4407642095194062 -113.0281053316798 0 0 0 1 
Seq_Frame0030_PolarisPointerTipToTrackerTransformStatus = OK
Seq_Frame0030_RigidBodyToTrackerTransform = -0.0329739295178656 0.001797180847200991 -0.9994545963239918 48.03204953468453 0.01630480259551797 -0.9998643394196629 -0.002335844430330496 75.21604098303851 -0.9993232076683061 -0.0163729318658562 0.03294015357650915 -208.4655684131687 0 0 0 1 
Seq_Frame0030_RigidBodyToTrackerTransformStatus = OK
Seq_Frame0030_Timestamp = 72.86200000000007
Seq_Frame0030_ImageStatus = INVALID
Seq_Frame0031_MeasurementToMeasurerTransform = 1 0 0 32.84672013251211 0 1 0 56.80533172333763 0 0 1 -281.5674998539885 0 0 0 1 
Seq_Frame0031_MeasurementToMeasurerTransformStatus = OK
Seq_Frame0031_ParametersToMeasurerTransform = 1 0 0 225.6109161376953 0 1 0 85 0 0 1 32805 0 0 0 1 
Seq_Frame0031_ParametersToMeasurerTransformStatus = OK
Seq_Frame0031_PolarisPointerTipToTrackerTransform = -0.4411573343952109 0.01324021971010508 0.8973321028979964 226.5942555293654 -0.01157952556761594 0.9997239429054875 -0.02044388830762382 37.44046152218715 -0.8973550695777793 -0.01940965129861467 -0.4408822343206009 -113.0644983985704 0 0 0 1 
Seq_Frame0031_PolarisPointerTipToTrackerTransformStatus = OK
Seq_Frame0031_RigidBodyToTrackerTransform = -0.03305685118726498 0.001875206047784142 -0.9994517137870449 48.03296899112385 0.01613849304719691 -0.9998668621736223 -0.002409765391115233 75.22069488350505 -0.9993231677649369 -0.01620930378989158 0.03302218707018667 -208.4639394590711 0 0 0 1 
Seq_Frame0031_RigidBodyToTrackerTransformStatus = OK
Seq_Frame0031_Timestamp = 72.88200000000008
Seq_Frame0031_ImageStatus = INVALID
Seq_Frame0032_MeasurementToMeasurerTransform = 1 0 0 32.84672997718737 0 1 0 56.80530904570332 0 0 1 -281.5690102717936 0 0 0 1 
Seq_Frame0032_MeasurementToMeasurerTransformStatus = OK
Seq_Frame0032_ParametersToMeasurerTransform = 1 0 0 225.6124267578125 0 1 0 85 0 0 1 32848 0 0 0 1 
Seq_Frame0032_ParametersToMeasurerTransformStatus = OK
Seq_Frame0032_PolarisPointerTipToTrackerTransform = -0.4410690459772445 0.0134153220084288 0.8973729023188374 226.6005951637446 -0.01158166835375306 0.9997199320778717 -0.02063788662531264 37.4500856621321 -0.8973984408493626 -0.01949580830911479 -0.4407901448756622 -113.0340659562931 0 0 0 1 
Seq_Frame0032_PolarisPointerTipToTrackerTransformStatus = OK
Seq_Frame0032_RigidBodyToTrackerTransform = -0.03296339672676496 0.001890583845581789 -0.9994547714473909 48.03221236827761 0.01631375249941499 -0.9998639704761876 -0.002429407948681575 75.21396849876224 -0.9993234090901811 -0.01638493931377566 0.03292807021466893 -208.4649853373683 0 0 0 1 
Seq_Frame0032_RigidBodyToTrackerTransformStatus = OK
Seq_Frame0032_Timestamp = 72.90200000000006
Seq_Frame0032_ImageStatus = INVALID
Seq_Frame0033_MeasurementToMeasurerTransform = 1 0 0 32.84673833024516 0 1 0 56.80528980407421 0 0 1 -281.570291838416 0 0 0 1 
Seq_Frame0033_MeasurementToMeasurerTransformStatus = OK
Seq_Frame0033_ParametersToMeasurerTransform = 1 0 0 225.6137084960938 0 1 0 85 0 0 1 32855 0 0 0 1 
Seq_Frame0033_ParametersToMeasurerTransformStatus = OK
Seq_Frame0033_PolarisPointerTipToTrackerTransform = -0.4411164333057555 0.01346147806487899 0.8973489181338092 226.5921180522547 -0.01170441475680025 0.999716166154495 -0.02075075431301517 37.476629577907 -0.8973735559636299 -0.01965644265036537 -0.440833670809664 -113.0425457912207 0 0 0 1 
Seq_Frame0033_PolarisPointerTipToTrackerTransformStatus = OK
Seq_Frame0033_RigidBodyToTrackerTransform = -0.03299306895881249 0.001979084918287033 -0.9994536210468024 48.03037297409193 0.01627312216948161 -0.9998644156795207 -0.002517092113470163 75.21628037174193 -0.9993230923457818 -0.0163472774717008 0.03295638972531811 -208.4625878123056 0 0 0 1 
Seq_Frame0033_RigidBodyToTrackerTransformStatus = OK
Seq_Frame0033_Timestamp = 72.92200000000007
Seq_Frame0033_ImageStatus = INVALID
Seq_Frame0034_MeasurementToMeasurerTransform = 1 0 0 32.84669497389756 0 1 0 56.80538967729199 0 0 1 -281.5636398973757 0 0 0 1 
Seq_Frame0034_MeasurementToMeasurerTransformStatus = OK
Seq_Frame0034_ParametersToMeasurerTransform = 1 0 0 225.6070556640625 0 1 0 85 0 0 1 32857 0 0 0 1 
Seq_Frame0034_ParametersToMeasurerTransformStatus = OK
Seq_Frame0034_PolarisPointerTipToTrackerTransform = -0.4411186143823072 0.01318552858964131 0.8973519431534347 226.5924839449836 -0.01169255457289994 0.9997227568982404 -0.02043755140278119 37.46319442681997 -0.8973726384356686 -0.01950772092258136 -0.4408421447768051 -113.0512747254938 0 0 0 1 
Seq_Frame0034_PolarisPointerTipToTrackerTransformStatus = OK
Seq_Frame0034_RigidBodyToTrackerTransform = -0.03312912367382781 0.00148922508672733 -0.9994499704203537 48.03260659682806 0.0163420339479894 -0.9998643961960854 -0.002031537811774164 75.21544566789798 -0.9993174666196161 -0.01640034841334074 0.03310029427171368 -208.4639864205267 0 0 0 1 
Seq_Frame0034_RigidBodyToTrackerTransformStatus = OK
Seq_Frame0034_Timestamp = 72.94200000000006
Seq_Frame0034_ImageStatus = INVALID
Seq_Frame0035_MeasurementToMeasurerTransform = 1 0 0 32.84669507333872 0 1 0 56.80538944822497 0 0 1 -281.5636551541212 0 0 0 1 
Seq_Frame0035_MeasurementToMeasurerTransformStatus = OK
Seq_Frame0035_ParametersToMeasurerTransform = 1 0 0 225.6070709228516 0 1 0 85 0 0 1 32856 0 0 0 1 
Seq_Frame0035_ParametersToMeasurerTransformStatus = OK
